===== Bissecao =====
Iter	Dados...
1	0.5	1.0	0.75	-0.028359756318974694
2	0.75	1.0	0.875	0.09060344586029406
3	0.75	0.875	0.8125	0.03629888736118042
4	0.75	0.8125	0.78125	0.005340443862939637
5	0.75	0.78125	0.765625	-0.011156592437405188
6	0.765625	0.78125	0.7734375	-0.0028211392343895914
7	0.7734375	0.78125	0.77734375	0.0012812231506263982
8	0.7734375	0.77734375	0.775390625	-0.0007645451162117678
9	0.775390625	0.77734375	0.7763671875	0.00025968971232687155
10	0.775390625	0.7763671875	0.77587890625	-0.00025208971170503913
11	0.77587890625	0.7763671875	0.776123046875	3.884458276925962e-06
12	0.77587890625	0.776123046875	0.7760009765625	-0.00012408150727566403
13	0.7760009765625	0.776123046875	0.77606201171875	-6.009324525829696e-05
14	0.77606201171875	0.776123046875	0.776092529296875	-2.8103073757723696e-05
15	0.776092529296875	0.776123046875	0.7761077880859375	-1.2108977816782662e-05
16	0.7761077880859375	0.776123046875	0.7761154174804688	-4.112177290183094e-06
17	0.7761154174804688	0.776123046875	0.7761192321777344	-1.1383888687266364e-07
18	0.7761192321777344	0.776123046875	0.7761211395263672	1.8853148499031747e-06
19	0.7761192321777344	0.7761211395263672	0.7761201858520508	8.857392702066313e-07
Raiz aproximada: 0.7761201858520508

===== MIL (Ponto Fixo) =====
Iter	Dados...
0	0.5	0.7625769159752862	-0.42209527838220595
1	0.7625769159752862	0.773681126121404	-0.014456430142238519
2	0.773681126121404	0.7756674009795146	-0.00256401437319298
3	0.7756674009795146	0.7760351415197638	-0.0004739833016470518
4	0.7760351415197638	0.7761036391288882	-8.826222245439386e-05
5	0.7761036391288882	0.7761164121955242	-1.6457803937441895e-05
6	0.7761164121955242	0.7761187945445878	-3.069572257152764e-06
7	0.7761187945445878	0.7761192389020496	-5.725377837939583e-07
Raiz aproximada: 0.7761192389020496

===== Newton-Raphson =====
Iter	Dados...
1	0.5	0.6984364920160847	-0.42209527838220595	2.12710512110843
2	0.6984364920160847	0.7687452624116257	-0.09042485957883406	1.2861106668503042
3	0.7687452624116257	0.7760465896551766	-0.007806444132432588	1.0691815161863667
4	0.7760465896551766	0.7761193336341212	-7.62604881661133e-05	1.048340897383658
5	0.7761193336341212	0.7761193407886496	-7.498909659897635e-09	1.0481347295247685
Raiz aproximada: 0.7761193407886496

===== Secante =====
Iter	Dados...
0	0.5	1.0	0.8549894004884778	0.07427260167308708
1	1.0	0.8549894004884778	0.7452564852205482	-0.033725409154867714
2	0.8549894004884778	0.7452564852205482	0.7795236669658014	0.003551806105482447
3	0.7452564852205482	0.7795236669658014	0.7762586595211621	0.00014599729848419063
4	0.7795236669658014	0.7762586595211621	0.7761186979750329	-6.737558488900675e-07
Raiz aproximada: 0.7761186979750329

===== Regula Falsi =====
Iter	Dados...
1	0.5	1.0	0.8549894004884778	0.07427260167308708
2	0.5	0.8549894004884778	0.8018715671232092	0.026067283916577144
3	0.5	0.8018715671232092	0.7843132690668521	0.00849369962141111
4	0.5	0.7843132690668521	0.7787049705984808	0.00270063079712074
5	0.5	0.7787049705984808	0.7769331097809814	0.0008520016621836324
6	0.5	0.7769331097809814	0.776375244815347	0.00026812911424728414
7	0.5	0.776375244815347	0.7761997934190447	8.43160232608664e-05
8	0.5	0.7761997934190447	0.7761446318988879	2.6507584133583784e-05
9	0.5	0.7761446318988879	0.7761272911045807	8.332912513453472e-06
10	0.5	0.7761272911045807	0.7761218399677087	2.6194674659918427e-06
11	0.5	0.7761218399677087	0.7761201264027274	8.234285083785764e-07
Raiz aproximada: 0.7761201264027274

